0.000000000000000000e+00 2.109502310972898798e+01 2.842534080710379030e+01 1.746424919657297892e+01 1.334166406412633421e+01 1.204159457879229578e+01 2.184032966784155505e+01 1.603121954188139853e+01 1.392838827718411920e+01 1.421267040355189515e+01 1.166190378969060149e+01 1.500000000000000000e+01 2.024845673131658685e+01
2.109502310972898798e+01 0.000000000000000000e+00 2.418677324489564739e+01 1.029563014098700080e+01 8.062257748298549132e+00 1.562049935181330795e+01 2.745906043549196340e+01 2.441311123146740414e+01 3.001666203960726875e+01 3.132091952673165025e+01 3.201562118716424266e+01 3.605551275463989214e+01 4.031128874149274566e+01
2.842534080710379030e+01 2.418677324489564739e+01 0.000000000000000000e+00 1.513274595042155646e+01 2.549509756796392423e+01 1.664331697709323876e+01 1.204159457879229578e+01 4.162931659299729859e+01 2.469817807045693669e+01 4.263801121065568367e+01 3.224903099319419653e+01 3.966106403010387993e+01 4.701063709417263681e+01
1.746424919657297892e+01 1.029563014098700080e+01 1.513274595042155646e+01 0.000000000000000000e+00 1.044030650891055068e+01 7.071067811865475505e+00 1.720465053408525335e+01 2.745906043549196340e+01 2.184032966784155505e+01 3.080584360149872580e+01 2.601922366251537611e+01 3.178049716414140846e+01 3.769615364994152884e+01
1.334166406412633421e+01 8.062257748298549132e+00 2.549509756796392423e+01 1.044030650891055068e+01 0.000000000000000000e+00 1.170469991071962568e+01 2.500000000000000000e+01 1.769180601295413169e+01 2.408318915758459156e+01 2.340939982143925135e+01 2.469817807045693669e+01 2.816025568065744622e+01 3.224903099319419653e+01
1.204159457879229578e+01 1.562049935181330795e+01 1.664331697709323876e+01 7.071067811865475505e+00 1.170469991071962568e+01 0.000000000000000000e+00 1.334166406412633421e+01 2.529822128134703618e+01 1.486606874731850603e+01 2.617250465660480074e+01 1.910497317454279909e+01 2.529822128134703618e+01 3.176476034853718033e+01
2.184032966784155505e+01 2.745906043549196340e+01 1.204159457879229578e+01 1.720465053408525335e+01 2.500000000000000000e+01 1.334166406412633421e+01 0.000000000000000000e+00 3.733630940518894192e+01 1.360147050873544394e+01 3.534119409414458346e+01 2.193171219946130890e+01 2.969848480983499428e+01 3.753664875824691904e+01
1.603121954188139853e+01 2.441311123146740414e+01 4.162931659299729859e+01 2.745906043549196340e+01 1.769180601295413169e+01 2.529822128134703618e+01 3.733630940518894192e+01 0.000000000000000000e+00 2.961418578992169515e+01 1.118033988749894903e+01 2.459674775249768786e+01 2.262741699796952233e+01 2.193171219946130890e+01
1.392838827718411920e+01 3.001666203960726875e+01 2.469817807045693669e+01 2.184032966784155505e+01 2.408318915758459156e+01 1.486606874731850603e+01 1.360147050873544394e+01 2.961418578992169515e+01 0.000000000000000000e+00 2.433105012119287736e+01 8.602325267042626677e+00 1.640121946685672683e+01 2.441311123146740414e+01
1.421267040355189515e+01 3.132091952673165025e+01 4.263801121065568367e+01 3.080584360149872580e+01 2.340939982143925135e+01 2.617250465660480074e+01 3.534119409414458346e+01 1.118033988749894903e+01 2.433105012119287736e+01 0.000000000000000000e+00 1.702938636592640265e+01 1.252996408614166768e+01 1.077032961426900748e+01
1.166190378969060149e+01 3.201562118716424266e+01 3.224903099319419653e+01 2.601922366251537611e+01 2.469817807045693669e+01 1.910497317454279909e+01 2.193171219946130890e+01 2.459674775249768786e+01 8.602325267042626677e+00 1.702938636592640265e+01 0.000000000000000000e+00 7.810249675906653977e+00 1.581138830084189628e+01
1.500000000000000000e+01 3.605551275463989214e+01 3.966106403010387993e+01 3.178049716414140846e+01 2.816025568065744622e+01 2.529822128134703618e+01 2.969848480983499428e+01 2.262741699796952233e+01 1.640121946685672683e+01 1.252996408614166768e+01 7.810249675906653977e+00 0.000000000000000000e+00 8.062257748298549132e+00
2.024845673131658685e+01 4.031128874149274566e+01 4.701063709417263681e+01 3.769615364994152884e+01 3.224903099319419653e+01 3.176476034853718033e+01 3.753664875824691904e+01 2.193171219946130890e+01 2.441311123146740414e+01 1.077032961426900748e+01 1.581138830084189628e+01 8.062257748298549132e+00 0.000000000000000000e+00
